
default3,5.270962715148926,0.6290388107299805,11.824289083480835,0.04643607139587402
default3,5.478459358215332,0.6210131645202637,11.660313844680786,0.04514575004577637
default3,5.5641021728515625,0.6815159320831299,12.892118692398071,0.04692983627319336
default3,5.598952054977417,0.6638267040252686,12.274926662445068,0.0451350212097168
default3,5.73803973197937,0.8115134239196777,13.246811389923096,0.05294919013977051
default3,5.477802038192749,0.8573739528656006,13.715609550476074,0.05146646499633789
default3,5.228000164031982,0.6255619525909424,12.53152346611023,0.04917740821838379
default3,5.3992836475372314,0.6456866264343262,12.777939319610596,0.05545496940612793
default3,5.555491924285889,0.66145920753479
default3,5.234114408493042,0.6423120498657227,13.161368370056152,0.05050039291381836
0.5_final,6.6217522621154785,0.7705023288726807,15.69118332862854,0.06812024116516113
0.5_final,7.174854040145874,0.7808887958526611,15.479832410812378,0.06704831123352051
0.5_final,6.229873895645142,0.8381614685058594,15.182965517044067,0.0640876293182373
0.5_final,6.949121952056885,0.8065304756164551
0.5_final,7.557338237762451,0.9074373245239258,15.549757242202759,0.055480003356933594